350.0  0.009
352.0  0.01
354.0  0.009
356.0  0.009
358.0  0.009
360.0  0.015
362.0  0.02
364.0  0.022
366.0  0.02
368.0  0.016
370.0  0.014
372.0  0.016
374.0  0.017
376.0  0.018
378.0  0.018
380.0  0.019
382.0  0.021
384.0  0.023
386.0  0.024
388.0  0.025
390.0  0.028
392.0  0.03
394.0  0.033
396.0  0.035
398.0  0.035
400.0  0.037
402.0  0.039
404.0  0.045
406.0  0.05
408.0  0.056
410.0  0.057
412.0  0.058
414.0  0.061
416.0  0.064
418.0  0.064
420.0  0.065
422.0  0.063
424.0  0.062
426.0  0.062
428.0  0.063
430.0  0.065
432.0  0.066
434.0  0.068
436.0  0.071
438.0  0.074
440.0  0.078
442.0  0.077
444.0  0.08
446.0  0.077
448.0  0.078
450.0  0.074
452.0  0.076
454.0  0.079
456.0  0.081
458.0  0.08
460.0  0.077
462.0  0.074
464.0  0.075
466.0  0.073
468.0  0.077
470.0  0.077
472.0  0.08
474.0  0.085
476.0  0.096
478.0  0.113
480.0  0.135
482.0  0.165
484.0  0.209
486.0  0.268
488.0  0.341
490.0  0.433
492.0  0.531
494.0  0.644
496.0  0.746
498.0  0.839
500.0  0.899
502.0  0.916
504.0  0.883
506.0  0.824
508.0  0.758
510.0  0.695
512.0  0.629
514.0  0.566
516.0  0.501
518.0  0.443
520.0  0.386
522.0  0.34
524.0  0.296
526.0  0.261
528.0  0.228
530.0  0.196
532.0  0.169
534.0  0.141
536.0  0.124
538.0  0.104
540.0  0.096
542.0  0.085
544.0  0.076
546.0  0.067
548.0  0.06
550.0  0.052
552.0  0.042
554.0  0.034
556.0  0.031
558.0  0.029
560.0  0.025
562.0  0.021
564.0  0.018
566.0  0.019
568.0  0.017
570.0  0.016
572.0  0.018
574.0  0.023
576.0  0.032
578.0  0.064
580.0  0.091
582.0  0.099
584.0  0.097
586.0  0.121
588.0  0.16
590.0  0.194
592.0  0.215
594.0  0.228
596.0  0.215
598.0  0.199
600.0  0.182
602.0  0.165
604.0  0.126
606.0  0.094
608.0  0.085
610.0  0.12
612.0  0.233
614.0  0.444
616.0  0.657
618.0  0.731
620.0  0.638
622.0  0.509
624.0  0.423
626.0  0.38
628.0  0.331
630.0  0.261
632.0  0.181
634.0  0.11
636.0  0.074
638.0  0.063
640.0  0.058
642.0  0.058
644.0  0.062
646.0  0.066
648.0  0.074
650.0  0.082
652.0  0.098
654.0  0.106
656.0  0.113
658.0  0.116
660.0  0.122
662.0  0.123
664.0  0.129
666.0  0.134
668.0  0.146
670.0  0.153
672.0  0.162
674.0  0.165
676.0  0.176
678.0  0.184
680.0  0.193
682.0  0.2
684.0  0.206
686.0  0.219
688.0  0.23
690.0  0.263
692.0  0.286
694.0  0.298
696.0  0.297
698.0  0.305
700.0  0.32
702.0  0.333
704.0  0.343
706.0  0.354
708.0  0.353
710.0  0.338
712.0  0.305
714.0  0.28
716.0  0.253
718.0  0.243
720.0  0.231
722.0  0.221
724.0  0.201
726.0  0.187
728.0  0.178
730.0  0.171
732.0  0.159
734.0  0.146
736.0  0.14
738.0  0.132
740.0  0.125
742.0  0.119
744.0  0.114
746.0  0.111
748.0  0.101
750.0  0.092
752.0  0.083
754.0  0.074
756.0  0.067
758.0  0.059
760.0  0.056
762.0  0.053
764.0  0.049
766.0  0.045
768.0  0.042
770.0  0.042
